$ANSIBLE_VAULT;1.1;AES256
61356138363734636238323065646238363866303864663036626637313334366632333964643939
6166666638326439396662333532353233306431636462300a343738316263363161373462383464
38363535323131653130653166313864383337626366653434373439383861376133656261666432
6436373566393363370a306262626361346561646538386461313532643464633362336364393433
66303330333335623762616466656534376430383165383462323432626535663732616665633031
38663761663031326330343862623664666462643665313836356336306233613638356363616564
63393930323237353732386239323065373063386632626532643835663631663135303037383263
31333030326534303031316533353465616533343764646561373462643366383262306665353135
37373835393431616530633036383463353431396638656533366330386434323730333064333030
64303438653530303164613235313334663031303664343436623534313465666135626636326135
33353932613733363733323230396437366239346639343461336362656634343735366433663331
62306632373135326136393131303165333566623437623864373166363336343865376364376138
39636566333338306532306632343564373230323032353937656365383935623231373935633130
64643236306464663862313830666266613333326639363062633464623132336338366238356634
64363964616362313533613030346663353938613161373833373863396163623933383739396166
35633737373532383536313039656461663331663763306336656230373339626664356664656132
32646535343932633734356235613839353235626434333765613039353061386362306436646566
31393034343064623061313034626361343662343536653662633930323462386135333661613034
65326437613366623034396637366538363839646262653037363033393735353963336339656664
30326639306661616163303034663963383761636565343966663236346538383235323561356630
36636165333631343133393333383864613762646564653264306265396634376563356637303235
63653633313332383433306230363439343935333132666537373736383839353763366235633938
30366136666136313230653635333763613461353436653637323265666130383164643631666266
33653661326230636530626438646162373639333231303466633034313532653232646135623737
66663734323739366564353732353533366563356262633032646330313534373130656133613266
66633464313332323265383732373130393161306139366630373366366531623565306565343733
35653033616436633834626131616438356131643331336230623232633861353431303836343532
62396138613939366666323763333231383033306334393834616131373134366163373331333936
32353065373861383433303066386237653964663962343861636235393535653161346639386338
35323339323863613032323937656131313466623263623330383865653637326663313461393837
31616637303235663031363531383634303931366434336336366532333637323034383336316136
30643633363833646138323832343534373739306439303065373065623165313561626663333939
30333430366539396239613766333136663733656365366533303634363264303434396139363462
32376633373737376261393963303538613266613936376136346462316238363266396362366234
36346264656337666136323766393237646339663562373833313835653938343662666363666363
35313833313262313238623162396461303632313231653564353961636565303435373634633435
30363033313163663434623330313635383265653163303262666265383764633637363664346431
35383633313236633763623939656564316530353239626638383638373865366133643931653837
34396535666432383235363237623463323536363536613165646365613732393435396266306264
34646165316338353265356637303665336562636235373434373033616466643536613866356264
33613162353734656536336637353430393561333834636538303563333931626532653932386636
38383964653363636134633062326536623261656432633964643132333761653437396632656164
62333333663738393735376330323838336465323933646538663565626438363361653939356464
36633366646264613466383865346436626434393364613433633465356236303461306639396136
32356564323661336363656463393836373463306662616562386365623666636136396261616361
38653738666265376533646631316634336230316333366431396366656532353661316563346365
38663631336261613362383564353864633864646632653864396166613938653735656334343331
37663033313032626461643037383839643865303635643564623262643131366461333939336563
31646333636636383432366430396133303165373762613837663131326136636261636131393561
64636539663035356437313266353438386263663437353037383435386632373662343039633336
35626461386261623337353937333835343166336131306431653837653039326166613137353632
36313634656463306436373433323462616436623565323834643563336233376565663430396433
63663431633131646562626662323235646161396433663366393261633566306330313765313330
65333238376561363033363031623163303338643739343937353061356132363037613038333063
31643531653533336233653831613665626363323331313134336233376232383936373064623539
62613135396332646662623833316430373833613564303638393236613862333834393764313433
65626231656430306666393061366338333832353034626335653163346562353166626230656337
32356665313638383332313137643163626261633764626239613438363063333466383263353265
33323563613562353763356430626432663561663634343362323037663338323164316432643730
36333762336561393133613237393939386532623063363732303335393438616664313335633930
30616133623963366230636538336663626533313838656439653564633162356664356536626135
36656235636634346137366664393537386265613365366166643636383439326139623064393836
61643665316438383439373538663961323333376334663330306535386632616465643262643336
63353235363238313766343337616461323131346465366461613935353436353965373362313061
63306334313737316166343065373937323662386634386335623635373066316230356535346331
30366365633136626266313531313065653765323266393539623566663130633137343032653635
38653266393332653333326138643564393232366233353963333237383232666164333034356162
62346461323366653366653538303938313737313563353061646637313766386365396661346431
65376231306339353232326365383466323738653238343131646539303136303837353135353037
63633131336432396465366537323034613432313936613830343463363731666261383665626365
63343266303266336139396434393836656266643733613961356432316661333331316238653731
36386163313964356466336431333630613135616666366634303064313661646639653764646262
61373861376366396665613930616335373637396335366138633139353337333634386664643266
64623861343138356361346236356331656531613230623533396533613463383933656162616463
31653231313061313739353765313430303630393037663930636538663566366637653533343330
35343735333139393235313761343333643736633031353666326631666338323635613462346531
34383162336133393031333539376230393131306538343963346461623538373039663661376337
37303461393430343537303062356436336334613839353137623935353838353932373133326338
31633763613231326464306533373434666234393231306635643130363563613732353933346438
34623732626633356636646538616534656566616339393366353931333664356162313336313938
30353562653566653365626165363130373333333032373331363632346132633265383062383136
34356238376665353264396439663034323433323035303733316633636365393833626164643630
35316165636630636538343333363362396561656333306430363866313365643965396465353639
37376536336161386530663061373134313366623637396132396339396666646465616664656539
64333034323666363934333533653134343737386632623434363537383965306537316361643861
39326165383337396638623464343365623339626266326161313864616262613137313837613563
32366235326431646365303137336236666534633963396666623761613364663237636664363930
66323461623663343366633938663664613664386130623831313965656461656461303832336636
36316434383933653837663830323639306337366637353638346365633438363731313931386464
63633665616239373234373239386463346662303365356465303832353034323136326634373135
34613431316532316462623132333534666538333532623863633864393337303539616164386331
34393465343332636533373961626236313230376361326138646438303635393765383866373264
65366262623632616165646165383862346639363065656239626466393330626437613731326433
65316130623130363130393432636337353734386432396530346563643833643765653863313633
30353361633532393530613031383164306165303637663532303434396430393661633930336436
38303864303662643936316131373863383564366230373732393565356164326239663538336336
34343438306233666637346338313135343362623638613135313462346330653338313136396334
34666261336166353637383931616639333535333434306330323334303462323737663139313630
663061623834636162383964303664316431
