$ANSIBLE_VAULT;1.1;AES256
61663762336136303238323636343136656435373935656561666233386231613964353339663631
6365396135613765376636343766663132393863643066650a356130356531656138383230616637
35336235303735383930306133643461323832363535623830613536666562323361316137366362
3639386233613532300a373034653539626233323962383566373161626235333434663664353662
65633939363165396163303562623662613361326232653963653632623764353365663235376661
39326634613631336363393963353736336531363131376639343530373230643639383439383235
34383861313263393630623531663333363234663836303531366361366531666130663663366431
36393864623765313239366538346263336236383032636166373961343062383039376232326465
61626564356361646232383261626334393638333561356335353666343638366239306234333436
66333234383131626637343864333330633766623238313534616265366134366163303264343930
33396133313763616564393064343936363033366662616133353464366235616535636466653332
39383866306266363863316631643936636438386639333139653562383762303333633962393665
34616135363138323639663331643665303934326237373338393562663232323064323733636266
37636435633761316363636233376230626139306339336365323263303539643930366334666365
61356333343938623761303832666538653230636562363239363063663262653430313439346437
32333765353062363630666533323937303637623366313562336634386163653061353563653361
36653130393161366634643662343465326363366264646339353537316131633166313565656233
62613665343433626435306237363537326565393233643233633865636562333033623032653630
30623532613061333866633732353636303065643833643566326366633333613764366536316233
34386539366133363364623632393366653661373838393536313036306437313962393866643231
38613235666436333936616661613836306265623837663935383961653666313861626262353431
66363938613835616631396564303238323561636264666666616433656566633730393038656566
65373761663365326131323535353664623331383336383133623233646363303737316530663730
62333763343864306333646136383338353733363838393863666336663333333163393665323064
32653864653765643931633139333862623535376463656135636162393838323263353563623533
31313265356463343232383965336336343162373965353433303932383339333433663832613539
66336338323034393436323965376438303632373535353035316533303432353864333136626464
39346636373038303632393631383862326562363632613964656631666135656363383031313262
33326661636236623962656232646233363537306664656234336262626338393631326336333362
33393964306433366362646332396665626433393964653662366638386337646237616335396332
31393139386161636164643661356231323031356662386336636334323166393564643130343330
61393836396131313463373962616366363336663933343663393264356637343936346333326235
35356162393064636437616466313063383439393362623136333138616438383534333730306461
35363431643130396234646135353162333333376662343566366262323136613264363862323361
61386330633636656435303834363937646231393237626335613861363633633734636630346237
62326166386464633364666535623837616232653936353333316661373265303939336233313031
64373465613561663334626231613831613532613364366465306664303934363362343734653139
39626439613865363331626235363530336366356664376632333538323730323964643938303166
39633562656634623932363161376333343165616133653363616137643162366438316164363464
33363739333934616134666234323662346464363135663665366533616434356131356435383266
33663731313063396431343061663465343737366531333666383766396161373366616131333836
38363965393264633061653034343035353431396339396361356438346334636230366533303263
64613836643335616537393965373566313535626638613961333030373531636231306432343237
61363633633661646138633163633166383861623364343032316262376361393561623230343063
32633263383664613136653264363265396531346566656133663361396135353735323233346533
39376232313166363533623936383532393036373639643132646238326333366161323439306430
37366236346334666435343336306166343334376363313537613764383762343962623634313532
65353733353334653564303538636565376637313362323833633466616233353762383664383666
62343232373034656232316537306663333039636330376463326164343735333365396662613137
64383661663833633135333635613962393138336138666339643464653864356234313365313938
33323037313831646266386533386364353335646430313536386365613539336365303461363964
63613830336366313463393731663436613566343839353035346461346334646530626135653637
35313665616439613230663965363532313438323265356565353939346361353735633838323461
64326132353633666435363062336630363562316432353465326261363234343133363864653264
32313731643638333265323338333861373163363132333137316331623934666139393737306134
35323530633733653837353532616661346434386433396663323232623633306464363130643664
66373964623132623064386461636630326336333638643430663536633265623634383162656536
65363135323132623831373536343438363539653263303633323032353231323730346230646431
39653839333362633937323033646534643733616463313165613663386331373437666339373934
34376139313362633561346563613965396361343932373765613066666238323666343638373536
35623835313133366161376339636266643562373266396463633834353537363139373163353837
61333832396231323135656232366634343039613539613530636238383065653932643839356338
32633330626334343132633261636562613565663735353463623862656564633634336135306136
32353465643366613431393364376638306263323431656562646435663634303931366131376566
30343930323237366232353863303064613832393361326234623535376565323930306230333437
39643533316461643637363233326132623632343132613363376365333565663232323639633265
61343436343932383563313462666238646533656664636562613238616363636631343232666437
64313061653039393362636533303362646666363639393934636536633430613263393633356233
64643263333862323762343030306431353162323833623434323666333039343465626236313937
37633966653265303862653936333734613866666364323535363839363465373333663437633533
35636462366135353361303664356438333135623435633164393535633231643930316366393231
65336636633531326637363130386439313363666534343630646433303339316431303330323961
39613237353639616336666234343331343531393964646637306335353664333130313137303166
61396230393039323364653437393066316532653739363434383932633231623837646433353038
63353633376432306333386530393064316437373065346434383562646532333639363133323032
30623831306539303438336335396131656634366139303939643561303438373234363463346334
62346162343363386230383239623766363432366465356162623432306234633762623932346338
64653330343236666637323635636333333864613835396464376534393565623661313632373764
66333737663438613437663332346438626539663337616562393937653338383262306433316533
37373432363264333934353764653461643535386138333036303133626464623662323833326239
33313636373765386234383835376435373430343761313463633165303137656430646362386539
36623061633065383430336135626130653861303239633566643164313639343463643539633435
30333065383035383633393833366366363265336630663734646332636433303236353761633334
63396530366531643362303730306363396539653932346330613066663861383631353366353364
38316137326666383531626664636439383734346663623163363533303532663137386165316331
61396466656233616262616563393264323935306237303835333331636330383264313861343030
32396261396333373966646535656537323663393163303630633664346639343332653062333661
36306232616332656132643863666138353130336561616562646430313539666139626238623233
64303137643139653965663165313163303733383835353862393963363336383634633865646664
37313534353536373364326564326265316233653137646236643034383665653539373434666366
64643932333435363330646231313939633633393463646239646362386165623566326630626238
63636637633533626535316462383234376461316466356539613433616134366463306264393733
66326230383037356431363764316637653531313762373465633837623162633332343339633936
66366531343461316233623666333638396631326431323334326637303962373461316461366130
66396432373038653334313937306539626133653132613239333566323439383265313832626266
65363464613232316364393134366461653337613535613933623065643238363062326134376135
66653834333532333266303630383161356233653235323566616562383262633332323032363638
36326462393062636366343765626635323732313138373464636331643837636663366566643635
326362366264623539613231333834396165
