$ANSIBLE_VAULT;1.1;AES256
32623163613364393131383063366464383132613234393436636363303765623431636636383061
3534613861663033383639616566383738336366613130370a346534613835646631663638346434
63353233623466666337383430306639613334633265383564393936353536666130636165323839
3637336631326362360a643463626234636338306262363834346336333631373030333832656135
32653431303232353230633766363432656232353633326330623033643665633430393336353361
37323463396237633338323535383432643633383334643038623934616135643230323332336232
62633466656331373336633162323539393763386233343930363134383332363365366261366338
31323131326362363538646435306335643735393661626534393930666634323633383637626666
65323737316131356164303365333764396666666530333766663966303836666563316132363630
62353466376232636637613431363366386162383233653530316438396133376333343238373836
36363839373636363330366530643639313661333934363630613433363565393435613138643730
32643262313030366232613137623530616164663638643536623638363331663762653966306636
38626535373931386338376439636432613961386366373533396265653863656131313765623235
66653366323533643464313364333564336232663333343830376630333932356436653766633532
62633633376161333932386434653334303532366363313932613538376232653466613163323631
34333233326331356531656239663230363665383765323463313037306131323438396330643438
32306339633239306263643065393666343464323234353430626237623235393231383633663066
64633436376634303538666233383466633164343836353937316632623063333361306135376534
39393664626263336664336361323430323236663238333037363630343637333362646661626461
66346137306662643965653833333566626539356433366333396263376165343137646634623736
61326132636566326365616131353961653361643862393030326537373739646561633066306165
33346261636265376430363263363635633630383362356463386233393435356333356330663765
33313139376236383536666232303764636165653634633532633066396331643961356335333235
36656161383132313839303934633366623730343563393530653964393835316533333438323231
33326363666339373630326462323966313663653466373831386430363034666363666663343039
31373764303530613138626138316434306333346564303231613264353062366133313466346533
38303639616662383339323632343233326639613662313365303532383634323161353532633861
31613462646632653133666234353633653935663764363837633132343336373461636139316532
32326633323661316535366533613036363061396363326334366465356632353633653065646436
66643637323334376435353532626561393232303138333066353535663363356561333163643966
66393234643737613066613661323331333834613833626263303338336638343732396230383135
35623834663562303435626532323838393331636534363333333363636562313166353636303862
35333337633331316531613063633362353061396434356539326338653030313831396437653633
63623537613661356464306534326132386162633436383235343164316635326432376365663666
34643065313463346161333231356162373134303763366463333763343166333965393534393530
32313038643038623761363762613334636330363365336336343565323266613830353239393065
35643532663363303832656464643135363137663436326636663135353735633962323433636431
36313632643362663963646232623332383738323838303766393730393364623565393230356333
64636436393039306138666335636338373337316631626263336461313963656362623062623562
38646335303132616233613761613835663764653966333765653866643337383732346438373332
62623762383665306332376134383731636466306436373135666537313361306466306164336432
32396632326338363162303961643636343162653137636535623632653238353333313061626233
62353835623432353762663465333536373834616437313138353631303265306461386134353330
65383530316238336664666630376137656166323061306234386561623266383332386131666264
64613666616332393435396439353764666161316165653662336638643834656663373632356463
39303933393966373939613930353666353735323962363231646261326238336161623631306165
30353030623134333132643438353463383963396339633730373237383935366532633164336164
32643266653635323861653861663562313536393134663861393335646635373637336430323931
37343939383033643535373062376430613066326666636261363232626464643239626434653438
34303963343032643061393732646534316431613631316430383931396636333566653033353738
33383263396466636135633437656561376365303438376533656533336638313663303931346662
30653333383439643538393138646234336135383963626336306661326337353434333463633662
38333666616364396132333239316436393263623862373338366636353963353330343665383730
36666138323263636161326236663965366262356665353761613435623630646365663234386261
66396631326433343662626634623939336461336331656436383334316439333462383735353664
34333636363335653537316132663066616366316139633438323036363531363738376266313639
66646135633239633136616530343133393235653563633363393534643032653332633330666432
32303734313066353033366631383865306131383135653434323836636337393061303837643338
63323934653732313433663563353137646564623661646339626664303063393337383239666131
65653263396438346432386264653366646239393761323632353965373663663331363636316232
36383565363532656361663363393636313265333434623730393538666333643534643065633538
33646433633065616661346562313462343066383834313566346465343138316134303063643037
62323231613932646138306364366534373735353331663530626239323736353435626537303739
37333861626263643662316364623335616139363233393163306239343533376663613261623032
61613832656434346239663037353665386333613664306337323161626437643637613839323939
33326139333835656338323630616439653035646233396661623864383732333139323062353464
63633266366262396635393133363162633136353439316335383865663630383566633564643736
36313962353964396364663434643737616138366436323031623733626362653866643531633361
62623261613161343862313163376265666131653038386337316365323861663233373530313862
61646165643962336235363135623536313532623264616636306631366566313133633438323861
65613739613361383037393635323661376563396339366333306435323934396364393763386439
61326232303835306463636337346434373265626365316334393731343631323663663739386665
30376261666632656335383137313133393639623133303862633834666563303830666566623039
35643966373061383037373261326266353364373765663864343865623461623139643037363237
32336161633564383330376235303566333230393633613534366433386666333066333263316165
37366130616535326337376666623761363964626665363731323132653739363365356139323239
63616236326231646266633661376330623535346161386261333361663237363063303266313237
62366431616333643638633531626536366361663137383261356438636163306166656162613334
30346437633238626633366263616263393132353764313163636362666333386163393662646235
33303561326564373035356163663663393665313934613230353261633935663961316232643463
65323038306535323831643933623435653337303131386138396464333136396335663036656533
37656232336563616364303866663032353533366536353365633031646363306435396261326462
39386664323464653138626533373664346331643466653266386461363535626166663235303832
32386366663739393461303431393731333731393361313463666332323261313037363736346664
36333630386363336132353230613634316534656232633637323366343731623961633262623134
36643665653933393765623232353966343764356337633666336533313735343165393935393931
36383336363066376538333137303963633137373063613661636465633437393535363037346433
64376361646363383834343536346234393530663930633834623339323435373563623834386130
35326539396364626366373363656630326664366364633334633361353365356134323633323238
66626561356462346433313239633837396436373237613461313034386231333739653138366262
38613235393236653866366333333938353933376161616366333436313539396630636165353136
32623938363439663764663561663832333834333730663333633666653531303431316530386536
37386365363139303539663937343038363861313865396136336662333465343062383361666335
38613639613530356336383763616432653331383434396539393764643065316234313230616232
30623630383035373931636666653738636532326430613336643532353334366561363063353933
62323734636366653137383462613631316635376534333665653062376531363230303864373534
66343266383136346166396234656331393765316237396131653439636365643266623436386338
35616336613362646165613065323831316333343433356164666233663861373939373734303931
303763616534626131623535313262666332
