$ANSIBLE_VAULT;1.1;AES256
61613861326462366463363464636230396430653833626135316266396562643532396664616536
3864663636633664323061636465323762343163626235380a323438383732393037353234643134
30653237663236353766333466383831333731323365656638316166313032643938313566306438
3439623933646166330a313532333037393732616130663939393462333232393136323531656564
61656664333939343036306235376161656666656663616435653239383632663934623461616532
66316433376438393864656532323362633064653539373836393965356439333636303231623564
32323939613266393438626165613765386130633030356634353563396464623466356533336231
35653561616366323063396230366237373837306139373238306663323831633635323366363062
64373862626462646266643130336233356638373935323932313830646635343530343833636430
37343734616331326239333463343564653365353336393031346564646430393661626332323739
32643964316630303664623531306238326462366563373564643232666465353762363162653861
62333838333965313430323839623336383165663339623836666631626662643265386138313766
61353631393262333531333866656661343463623266393334303930613562373166326364396265
39663962363435313862616364653535353733353836336432656131386465313861303638353564
61306538313131633962353065636336666661363261663833353565663862633062353037623563
38336532336138376234626438623133333565663961316433393836636231333334353861626663
66363061663237343565353930646236336166313035396230666164383137633462313234333763
61623862646366633536373563626432666138363930356361396633383837636337623661353961
37323534653438643531333662393430626565346131396361663062633632396264623162626562
37333730386437613035613632613264613738653131636435373761323561366465366330653936
39356438663330663930316231356637626435366663303836383461356239633333386330653535
31643161386363316262366638323632633361373963626666383661653937373839633161646533
62343034313964326536663835343263313964373961386434653361373636313134303933643532
63313538666532663162663935383637353666626232306431373966343535313133333566303932
64303031313435373835623530623635366234323864353931333232656137323732616266643330
31373536616432346332303864653830626662666430336535623731383036626637373963336630
62393264333437396333306430653638326635616132633133616434613866306232626132643530
35396164646361383830643064323162626261366339313965616463383834323062363333613435
30376463336132393438376465346463383638633163623330353764376133636436623136646435
63326639373436643439336266663862653036306462386337613137323734626363313034633837
39333136326663323039663665646261363037656531326232646133366463626362646366666463
34316439313637353737393638663763313964333332323839626164363865333133343164643039
32613232653362663835313766663532343762393133616338656435366235616262666631646634
34613133326661373230363230323234633530653037616466346562366236633762376337383338
30656532326432656563643964616130616163383036616230666337306164646530623633303035
32353137303539376139646561353832316638326538643631383934373638383366626663383961
32343932643930656364623864323364356532626436353039663561396334303265313265663934
39303364383561306532333937376161636130646339323335383135303966363032366462313933
66363634383230366431343734366431396661336630366531626634663932376134643139343762
35623332626266613566323538383165366131313032333136383834386435366163643065636530
35343734353830653837623534303064323731383861393631393961653034376162623136316161
63623964663131663265663339333138336138343435363535356564363364326530653832613137
34653330313736626262346565393432663838613337643131313761356465336666316233623634
65336133656136306562626663313066353363383630653331363033386236636463626136633436
32653333623762643139663432373263383462323131313332366130323564633962316266653365
64633633356530303330663239323730633038373862656436363035383366616235623164656163
31636361343032343730303336373739663232643464653464353937353462346539396337626633
65366433396132643133323931363061346532376162393265656339333261336238646163386439
31373966306330313935353036643861313162333430336337393632633763306563333466306430
34363132313435646537613466656139326138653636636435616462313266666262326133663633
64633237356231306539653032343661373364333265363161376238346136363665656638363264
37316436643533666535353632393832313335643238626138613134323661336139623463613630
61666330326639333263323539633262333433666263366135363934343534613431383130353138
30646530303838623064353763313261646237326139373234366466396137336133316431613934
34353236653066633131353563303130623562386566626433653761386237643365383730326136
37366137663061656437623065303637373062636534643637333932613566383832643562613865
38653136373931326430376464613366333462333165383736393339346230323438633138366332
31666262663735333464303736323230306666616539666165393735643961333364363435643465
65666332643734306430393930353431316362616233623834313133313961343866333565656538
62373062613031333963653366393564393437646131613337353266646262666166656637356536
30643766663430636131656533366562313863313462353330663435373562326435353939303131
36323730616662393638353639616265336636663061626332636636316232303538393033393737
37663462363666656334626434373366643235343239373435326334663365643030613761623731
66396633623534393637653331666461313531613332663739326366353233633236353538386437
30303038666237336434363063323635303731376131626239333163613939626166303531386263
30663835346531363139343634396566646137373436383930663132636230386262613263646665
61656234316566326237656633343065323132383861663337326464666434663863386433643531
34373337316238613065313239666538363130613430316231303863636433343535306634623332
34353335653034353234633661333836636564356631623864623337376231343263313631393335
63393535316634393465643562663162313337623661653235633434626231393731353933393933
32336561616264373565636536353965653766363439383538393235326332333037336231326533
30623837346465636136323736343230353231353064326638336265306438343732353330643464
39376535346366373936346238636336636336303761393933336638376636616462386436383432
38646338653434383161313539613637306236373538363232643937623765626665626637613836
63313062316238303362363733653463626235643566623538313266346531343634656364613762
37613434666466373337373035386231633036633239373738306235613434333630336661326430
63303263656538393965656261356532656333613961623034316330346539613337303666386139
35393064363861386135653438666136613432656231656566636337616133373538316264646234
35363464363431653361646163353037393336666239376466303331643038366466363135306232
33336662376563633731363631613161323236323262616363373639623937346331363839383962
64303966613536306265373937373164616334343032373565653335313462623630323463613166
64323466633066666138383266356539646638636261313639343539323066393136316238363738
32633162626633316533383130663531336533343466366464653364303766313431376138386330
66616331336238313338373136383836353766633333633035646531363763346363383265613138
30613963616639316338343437613531366131333433396165323864626233356665373665303863
35623531303462353738393137623436396232303437376361376636306161653734313437303839
39633436366165323933643163643662613366326433356330623663366634386138353832373333
33633839393035666636646131323437356165663039663431386161616438666230376364356365
62356230326163613731626431663033633931613334633630383535393331396230333231363262
38373338663739333230396538623866383262396336636565636361613738353337643635323138
63646139373835346331643538313835306631383533643163613233316531353138363732313231
35663630646134393138636566666462613632323666313363373630376530626461313863663134
33306465373038633633363936663234333633643738316634356231653762616436343863663533
66396263303835376237663833626161356239616230303935373038633936663235396333653932
33393630636233336536656433366637656361303066636333353536663837653738333261373061
37613739396464383133373832646164356265356462383038326134396366333830313337646262
63353139626332626264663931313764643238623438333062653830383862663036
