$ANSIBLE_VAULT;1.1;AES256
63623863626438663639393034663665343736653266353432623334366261393862633865346562
3038646635623666666366383962313139356134333039640a353564373238353933316338663336
35336532366336366232336130303564613536316463396232353533323132643063363430633131
6465383334366634310a343462626130653131306232333132646530316230323639376332343664
62326637313265313563613532346534386466323666623131303564353264376534383461303031
62643432653638643236346139316339653064303737313734386237623166396132373239343638
64323430316635353434643737653239623437356165636439346638646466636562653437393963
63386237333930306336306265636431313866306238376430353064343163386235653730313237
32643831323164346630316461323065323339383465323064383861303864323639653532613237
66323337616666323564626137613161303064343262313036333733323734663666326139633432
35646333343832653331373362613631363938313265336465326434386666626638313233333334
33626561323434353237653930646561633235363330343964626237363663653637373333333332
36653763663966663135393634383538313434326365663637376630613834356537666130303762
61326464303337303564303238623233643734373464666136363261663165643263666164376530
32316634353337363765303933326563386566656132663834643136393434356563666261633063
66623164303863613965363337356434363939356538643965313966363031393133313866333364
33656262383537303230313764633138633134316639393939393733383732393166346631393466
39623963653765353762623630336436383734636462303137393531346135346139333237636162
35373637346136316535616162353533363433666537363833373936663231333461613039643933
34333930636330323639303361316539343839646163383664383835396235383034393533383466
61353233663830383665663831626264326136306565643964623934326432653162343139356363
61326131326266353066376265376332373630383934313961343365323133376132623436386166
36303036303038353837393461626265316434633764363430396262346166643132363236653064
64623031393831656136633235353639663937613332336465633664323236626238326263353834
30393836396337366539336237363335303731626333643961353963626534616666303832626566
33303734313933383133363334633639326132336639363237613833363666376161316432653536
34356338666661383638613533313439306166363464306630643365663639666432636134313336
65363161373365666565336131393134663639376337363033326333303866323831613832633434
63326164376333396334343038316531383330653233656163336561326131653534343165633133
61373033643234333365326665626465373632343833396633343461343639386266353330393861
30303465353036343836386437613137666264633335303765313261313761346461643937303234
35306137353932316439333531313161626333333163323462386235313763653435373161636236
31336439623030343465373633373963373665383666343630633131616333303561633133306538
65316435666637353039636132313561303661616662373634396133343366323536373163363830
36323936653434393936373464336538353864323239333465303239346365316661396135646633
65613236663061373736363061653538363632643930393630383933376130343061336664656562
31623136366336326363353163366364363639383862386663363533666539653238626533356666
36613031313764316461336263303662363432666139353537646130346363623766613731383037
32636364386465333865613932393862613437333134323333326639373738366237643466656564
64356362663539636539366563316666303636336530393364633731623831336462383339393031
30333733383464383764346662303432316431346537343830623032306432343838326138316335
30353937316334373033333331333138333562383937396531346337313938663038666564356666
61313430656165343266356635623330663666376161656464313465326362633339306431653335
30633033616166653336393665326139316564363264323731646637666162643565653530386237
66646165346266306435383733663739343837393739616435306263633134616664633038646239
39306239346433666565373537663765336333303634393039666362643464623832666161356663
33313264376632303433626266323133356662343863333439613633653232386338363566393530
30616564353461633366376163383233373433323962636562363130373463376163643464636538
61376236373830653533383264343931343831346332613535663236373136636130306335613065
30373362393565613532353163383339346634313864633162656163653764646531336535386332
30386564376137656432306134633339643432373538663164336664386631313537373232393233
34393364326639626435643435303833663764323738356466346665396266343865386639303965
66373338323036633764663164353038633034323531336162616232303536306334303030633934
31643566306639643931353134336230333432376264336138383265383063303163303361383963
65386262336664343138323661663132656130366333313631353361633634356336363037643830
64303139393931323430303666313166646637656266616635383534333632336135396435356232
31353830346264356635623636336535646533333965353139613837643761386237326438363437
61396433626134323632386661356662323136316335376666383737343034323063333938383762
61666463303734383730626165333831303163313863643330643238316530363733663138653866
34313937323932343838386435353462623265623531373337666430396537313639396663663339
64646133616364396562646234393962643239313633653435383165316264303734306238643631
62363634633033616333373566353161363033633139663331366465376536616662363938326536
32366130626461653062656536646636346662653437356335346636383835623166386333656566
65366330643937316239613365353230306134343438646135393637313635343530313764653133
36316234396666356462396566636438386337386263636635336561393134666334373030626130
38386239383830643633356365396265313663316666353765636536653734653964613662613334
31343366353462636639353337313464353266653831373235336230666166663065386633323431
33636364623264613864633264323231623132356632353866316666646632333530613934316131
37663537626236343232653137383262323966623639376437663962366266663462383563613962
37653264336436343437353832376237323066316332383362323931633766643437353230643338
32303037643132313438663833326231623134336538646363313666323733363963323032653235
65613939636139623961313035353565613439303839323961363833316330313134643132336634
33366134396534636564613731653537303332663663646161643964343363313337393562346334
35656662646636666137653735623330396562393532356262636261376465653738343266353438
62333862383663393237373834363339613136353266313938313830373237633463303635653735
64616565343233623061666533646663333164303763613739613639656162383337336538653331
30386531333363373237653234323766363032353863303935333235393036663364633666643865
66363464343337623639306232393434383166653863373131663566323761653034666433393366
36653439623164303033336435613533373539396634393961353635346138343266623736313631
65333538303865333735336138343433633233346665373239653130313832313334373639383365
33313664313432383866306663626539346334396535333439653262623065666233303766363037
30616233663764333465663866616537386433323633613066303233383364663636356166356666
65396331356365333065326433326438386562363639393562333465303439346138616134373161
66366535363033333561366361333264396335653261616164356262306430626234666630353236
37643835353465623162653361663736383937343330393030646666363465326565623865326532
63623530323365666231306164363961336339616432316436353730326635623736396534356563
39383137386466373039343965376239343661663630633261303332636137373064303662356230
63343962316166303533353537663139323766353331363663656530363338333636633161333161
37623432633462653461663936343565386531326236396461303436643933393339323430656366
31346166373035363562343339353439396637323530303138343465633766393164333332616334
31346433333035353335653233326565326131646266336561373531633234343735626339363434
39613935373861653363303463326464346362343934336565656436663135343339346339636536
34376138306632633738363833613432343836653830373463306664373264313061393537396366
35653361353963383935343763666331356564353562633836373332333761306535646339366437
31653764626665363864663532393234323333363162393334626433373839323537353763373664
32343835653534323661326539316634393635313361643163376338343330313336396138663062
33336363373065353136366136646632333635633438643438623630353662653634333266633836
63323161373864396432643063376561643565313033393437636431343766303265323437393266
653433356434643164343133636536616532
