$ANSIBLE_VAULT;1.1;AES256
66633139636235336233376537373664616564373533323937353463356161623231666662353231
3734613032323136636263643734313035363532303037310a313834663133313137376435303962
64336236303761346430616664656436346564633061333231623336633738613265336236613830
6330306136373537660a653963343137353034643234383938313934656534313161366566636262
31383935313738303563616263343633663933373365356665386436666365346436373165363161
64616639663461316437636335373639363361656435643832303666643530623630373162326665
65333265633562303266643461646264663334636239333264376633383936353935366462336561
62613231633835396234356161336366626163363239376166343931376632653462356136396261
63633264353737623033303234383864323033623330643063346339373134626263373731653931
36373236616131363834663936623039313539373463643636373063336337343738383234653338
36383664663335353334663262333534643063376134303434666462366536353464663036383065
30303832666636616330303335303737323866643839323763643964366536363565376363656162
61303131373333633833666138323066366535376561336562663131633965386237623030393861
66393032626565363761616135396233343035333864616439313766303332323830363666656134
32376437303530363165316531643737353966636135393536376433633861313865646631386263
32633266346364313363346562333363663463356230373562663232303661646139313763633132
65643135623466636531316131666339313836643063363431393464306165383930636335633061
38383337346533303232613561393566376332373134313334313464356130323466666630666463
38366530663764323934363339366434373136366236363632323032633666366638376163343136
34636164633663333866636435613131313631376630396239633032303632343938663564356238
35326630386235373133623066333434386137663030613738616536386334336136643361326339
34306535613235383262326136353835666362663738323263333430353435343331623939343464
64646334306164366565363865393364616330393034323566356539383934336339393565383334
63363730366463303339613062356631396439636466633638306538316263336565633439343335
34316661323462326537323336306365383033373937636466353061383065636631633663356365
35373563636366336433363366306563633931303731663964323138356565353064306661333766
63326535336566356564393137623936646237346637653861633236656333343638316438653761
62653435306130303930376636623565373562613364666234376336656632316465393764373263
61313262313437383930613030353666346135346563646134356631626137346238333938343430
31633038393731613365313861343039623361376234376233333831636634313134323062653364
66383664326163373364646134393039393663373636666461323531323462383363353233653035
61346563653165333263663935643961323765636134326435336138663064326637623861353635
30646565323838393731633263346233326131663262326136373661313834633065343862623564
34626137643762343365363637386263346361636136353438643834383262363234373231343837
63306639623138643563633337646135666332363236366334393632613037346133376161656634
36303265316339303866316639336639623033613135353866306233386465343534373839623363
61616534313462363231313765616463343136393066656665356133666461643265316530316361
32643435396135363138353161663435636330363939303335313638613139643265346564633934
37643565623164643330386237313466656538343638373336326636666337383237366237343435
39303432623866663835643236663239353132313761383534393036613130323835356662353962
39313863363136613031616666393134303935343932373565366262646662323230333633653633
64616338326138346665643566333434353166383331373837623562303362373063383031333834
66373438623338666335396363336566356561326665623166306135326530656132356234663162
35383766353735643839613832383666316161363536623736653339376562303130303366333134
64333365373066666637336430613466386336393130366230646136363338633964393433653061
31623835353330373661396262636239386433356530343430616138333834386663386232626262
38613265383865333566346430316637306434333765396366333535323061333033353364333866
36653231356238393762376266643966646165636165396531393032303366363130313863613865
34356462626562333330613337313536396139303430356536303865306631616133383662336533
30643066663964623831346562336331303734316139383839313430653931636262393838343263
34626232363462653964613965633762366235643163376231643066383962323530633132613963
64393538383462366438643462643662373065303638346536313261666439326134363231636438
35313739626262646663653233393635343132396333363166383436363238656132646233376139
32323365313536613633313134666532313065396530303635363634623236656231653666616537
62663336396335303134613835633836666531626465323763386234326565303961643935663061
31613165373132363463613266316661636237343838663761366537313738396435616566306366
62646663646534666532353337653735626539346433656531646263323266383130396239376362
31346133653736316638396562326138653963393437313830343937313833383764393835623939
65636235616438646438616135646463313432353536366331373165326333386439393161323737
37653637373762356237363064343531396631386565343838346134313132623261656563653936
39623333346132316136316162653132666563626533383837353237373539656539613965653065
39653333386632663763393765626236663130363337383966363233333662316661396266303164
63333237623533386432313965396663373961386436303134393336383265306637383334363362
33323738333161646261643739333763343937643133316539643461626530333036393664333364
36346630303937663533323532313132306531626263353338376136313365333132343632656331
66306663323534616461393136373763316466643137366562316363643535633466356162343362
32643434323264613533663661396431323663386332666165623230333066383630313538313539
66323439373434386339633664393862333436643639623563633332303666346236333834646537
64336438373435643866386435653661616165343232386165643932356661303434663537316632
66316565323831393438373937386365616231383563396231636330373237623634626436636531
35333631333361366336613538663130333030623035303236616439653165393038373737636636
61663535396566646261643233306237363235376531376232663038303363326634306337656339
61646265303061326531393565303635353838363966616463666163373436323663393136656436
63336237313034353066653933663339646530663839333432333535386234666564323066393261
34326533353634646137613033353166383637333137303731373231363835383437353862363338
30646365386135376534626565326662613061613063646537666138303539316433373462636235
65633230343936643763366438356464386334643566303963346265343164343535386163333438
36306333663935363766653438333661643030316239623561356533626130343639343131663264
38363063373063636162383330633962626463613932333035373832383830643666636338373738
61363432306662656237323764383031306262373637353965303364393361373866363065376265
64646662643435623736613934336437666262643465373563643131636330636663333232633031
62313761303264366465373538386237306166633136613261353233303636653333333339653162
35333236393133656262373339313239633430383235643339313933616162646533313039666165
32616364323164306261616335616661376163393663616665616234373736313937313763346637
62626266343830663133343233626139616331633234646663333237626633613330376332386461
61626337666238356233363131633565613739323737656130336238626465323832636333613231
62353265323262643634373363316463653265303064623266633061633164316136656465393630
36323133363230326337
