$ANSIBLE_VAULT;1.1;AES256
61303531323132653536646434313362313731623930323934383330313961303737333666613361
3139316361396463626636363165623162626665656136320a333862663935643630383061633839
63623235643064616331323665656232643765376439306663313262643262363636373263353131
6163383737383230360a376438313130386361666262653836316561623764393565383263383030
37396333396235353364333739653030356631313839396139343630343031653638663033323263
34613033323536633562653162386633336335366463386435366566346666653037326335376237
61653438656233653231333532376431643961313834376437356635383965376632333961303935
65653062303764383335363839316135363935646463306237323030313339656166343237633032
33613337363530656131633337373264613366353538393538396533303237396531323439613061
31303037373136323333303633303936626539383437383233636262383535336164373434646465
36343430343138356664323563306463633336316438313463306537396363656139373061336434
63616438303330396362656366303637353366393534303630643239666135616664646434646461
36333433336236353864373630643265393637636466313265373432666230363435623761333034
31313832653534306637333435303666343765333230663565643334333639333439633436373333
33663233393462386539393235383162653738626463306639353432353236653861656664306331
64303764343736663533656132656263653365376663663762336663386334313864376635643265
33343231356365623235383261396461653536313832316663373639393339323861343838336230
30316161376531653639616634653666373666386165353236663338366636313239376462353238
32653433343561646262333632656366373739313235653933613066323936623230303937643434
65663533336533333330316663303565616234383564646131643963656563636261333539343233
32663763666339383232343937386661666537316631643262326234373533356237386631613131
34666531356231626234323032633739366262313732643231326530386531313232653735323834
39383931656563343534366137633666616338613238333835386566303934373439383833376137
61343631333830636432336133383536303734656333363362623331353061343533303131613764
33646665363739323662623265393235386532343964646531383139313036643633326633396237
65393136333137613034373836356366316533643963336662363836656330653339663432616135
63653062616139346134636266633363613461356664373362313761633433366535356561316439
31613934663362666462653336626564636538363531393762383838383935326366343638323766
35653863383934333661363536636465643165356639376337653565656361396633333039643261
39376237633935616636656164396630643831383462663730653666323831366339386637393462
63336630383338303234663930323265616162396565313531373432366239623833373638623765
37633063306434343031626265313364616639616662663861386533383462306264386534313830
66386430313365376461646361303965646436323237393339633263663133633831393164393737
62353639386263363831393137363364653133623535663132356266336332323333333735653362
66363461336463626635633631346432333830393937373432633737666430343530313531353534
33376238353839396131626439646531313937626233636164626563663661643338313737613365
64346131353634383538376630386133323238353934636136386663623861623562656265343363
37303662666139666566643666653633303632383632393535653566616566636530393239633638
37616261646636653231303736346338323636666664313961653465353963336532333135363839
62613864383561396566653830356466623562643136656637343164396537303032303364666366
39656362656630363663313130356635313630356566383063303762343332396139633138373463
30376662336432663530646232303761326162663537623631363266306433643064333037343466
35373764333131656434303939336666326266613862313039353836343564353964313035633537
66643632373936666139323066373234663462396333333466346130396563346338623939333131
65633636336532306438373431626664623639356363633036303232343264666134363866636530
38353461643438336432643732373361343330633763343433396162646231376533376461653632
34353564363232663237623963663636393534343064643261343262333263333032303337623033
39623331616661653366356562306134326231356138386434613937303533366236386364336663
36383632636332623038383938393931316163663539623065383165343032613531623061343161
30646332626666333764383234383761333463383961376632386231633537383335663536626330
30643338326631316162343737336161313530303566333065313461616231376662393961643932
63643462373166633732313039383138316636663063633666363366396161316137356137623334
36633438663730633538633136306239306565666165306533623739363634356635373837306465
35363666613162656335393232353637626630363563326238383263383238643930613266383538
30353232383430303865336564323934373237393463663661366363373664313233303466356664
36643666623930633532303838626633393935383331393730393237373037393238343763623064
34656335666261633963346435336236326561313133646462396634316431326635326434303463
61356433643039643966646433616239313338343835653434333334363635363863653635303834
39386436626335323766323565356264343330613933386538353639613936393461376534323536
61323461623438656462373363393138663365376131306263313132386566636230313936626535
37633337643162643363643430386237333034656263343338663065336266353730323462363636
65396234626634643135333938393637393362333962326230343937356566343733656261666661
34643836636132643231643062333336376536336337366430623735396562653235613033393161
33383937343564353736323363653130356536663664666130323661626361646562623537633434
37323061323162646466343836336361623631643361323862336438623263336665656162323737
65613661643265313031343933336465343761363566633938333531313831333330393363346436
31623035363233626634343461383565396337376666333039306165363930303536376566613162
38666130663735316461663637383834643864343332356364323630656562616532356436633264
66333365313035326164303666346633363430336566636661663061623664653532656361653264
66363335616131653234323136376563303163663964643031626233346230383135636233323738
36303065323663623038616431646466336361393436396437663266316663333239666531326135
65393232636361663639333832373162323565656537343434623436626562353636653132303836
61323736663139393531616237643939373065613538353331636332376534376130626535333164
31313862336434353466366262313763326635353638626466373132633732643133613965633361
32333333373033356132383162356436346131366261653534623662653163366366396663323734
62623539616366373137346630306639343730343766626336653862613039393439396538353538
31313632323032333536666231313836343131643962373438646565643735306637373333353333
31396234313161313931383536633861383033356234363935353130303231636663323530353765
35346635663661353861333736363936356633323163303538373963626234316331626133303639
33393631616439383938343338643232363663383964656135653438333435356563353638303135
30306461383935326431623338343564623465613735346665336665653438333938653633386338
66366631346633313735333564393437626335663731343338353930656361333863366261666534
62383566613137613135393162356431373363373334643232636132356133353331376332373963
39333037636238336463663039613534316565323730663236393235636263376565386232383834
31666365313133383733386630646233613061613636313634323534303034663434326235643466
66656537376334666539623539383562346637333863663537306461353837383737346332393165
37663865373835326462343437313032646564383631353637383762313639326233346238303336
36396339663332633764
